0
4370 0
4360 5660 0
-1 6480 -1 0
-1 10390 5790 -1 0
-1 6310 -1 3060 9520 0
-1 -1 -1 -1 7020 -1 0
-1 -1 -1 -1 3570 -1 4680 0
-1 -1 -1 -1 -1 6500 5870 6160 0
-1 -1 -1 -1 -1 -1 -1 -1 6950 0
-1 -1 -1 -1 -1 -1 -1 -1 -1 5280 0
-1 -1 -1 -1 -1 -1 -1 -1 -1 -1 9040 0
-1 -1 -1 -1 -1 -1 11070 -1 -1 -1 -1 -1 0
-1 -1 -1 -1 -1 -1 -1 -1 -1 -1 -1 -1 11850 0
-1 -1 -1 -1 -1 -1 -1 -1 -1 -1 -1 -1 5470 -1 0
-1 -1 -1 -1 -1 -1 -1 -1 -1 -1 -1 -1 6910 5160 4150 0
-1 -1 -1 -1 -1 -1 -1 -1 -1 -1 -1 -1 -1 -1 4270 6570 0
-1 -1 -1 -1 -1 -1 -1 -1 -1 -1 1780 4710 -1 -1 -1 8830 9460 0